

Day        Preleads    Leads       Prospects   Active      Suspended
---------- ----------- ----------- ----------- ----------- -----------
2021-07-01 21          8           10          8           9
2021-07-02 2           0           7           0           0
2021-07-03 0           1           0           0           0
2021-07-05 1           0           1           1           0
2021-07-06 28          3           8           4           3
2021-07-07 12          2           16          9           8
2021-07-08 2           0           3           6           0
2021-07-09 2           0           2           2           0
2021-07-10 2           0           2           3           0
2021-07-11 21          6           6           7           1
2021-07-12 1           0           5           2           2
